1 0.37684449489216804 0.49089238419544884 0.1611804767309875 0.36560185935895345
1 0.6469920544835415 0.43235500783741415 0.17253121452894432 0.3881952326901248
1 0.7894438138479001 0.4652180963191179 0.16231555051078317 0.3183611696665045
1 0.5079455164585699 0.44472909338793115 0.14415437003405224 0.31014539754607856
1 0.2014755959137344 0.5607264472190693 0.17593643586833146 0.2629047078536296
1 0.8870601589103291 0.6757472569050321 0.16004540295119185 0.35327820117831477
1 0.49432463110102154 0.7496892059888656 0.13734392735527806 0.3697097454191666
1 0.7377979568671964 0.7116912599318955 0.13620885357548246 0.29782173936543976
1 0.5584562996594777 0.19717853089022216 0.17026106696935295 0.30809145451597214
1 0.8467650397275822 0.25982379330846983 0.18388195232690122 0.35533214420842113
1 0.9245175936435868 0.4498135235933193 0.12826333711691248 0.2998756823955462
