0 0.31579433355391745 0.7228360957642725 0.31394758306529796 0.39226519337016574
0 0.6971483094538236 0.4732965009208103 0.22345680912294746 0.28729281767955794
0 0.33980208990596966 0.2237569060773481 0.21422305667985037 0.27808471454880296
0 0.5198602625463612 0.8591160220994476 0.2899398267132458 0.2817679558011049
0 0.7340833192262116 0.7311233885819521 0.2677788208498129 0.31675874769797424
0 0.6592899244371259 0.2633517495395949 0.20314255374813406 0.21731123388581955
0 0.8107234645039166 0.37384898710865566 0.19575555179365636 0.24677716390423568
0 0.13757134756269845 0.5423572744014733 0.249311315963619 0.32965009208103135
0 0.3527822065923481 0.44475138121546964 0.20683605472537278 0.27071823204419887
0 0.5293599832967355 0.32044198895027626 0.1902153003277982 0.2209944751381216
0 0.8836593709534681 0.6252302025782692 0.23078599188019092 0.3370165745856349
